6.022 0.00181642 0.00155552 0.013105 
6.047 0.00167287 0.00155552 0.013105 
6.072 0.0014309 0.00155552 0.0133525 
6.097 0.00132166 0.00155552 0.0133525 
6.122 0.00124461 0.00155552 0.0133525 
6.147 0.00119483 0.00155552 0.0135358 
6.172 0.00123234 0.00155552 0.0137164 
6.197 0.00127918 0.00155552 0.0137164 
6.222 0.00140335 0.00155552 0.0139036 
6.247 0.00147146 0.00155552 0.0139036 
6.272 0.00168058 0.00155552 0.0141373 
6.297 0.00176161 0.00155552 0.0141373 
6.322 0.00200271 0.00155552 0.0144088 
6.347 0.00218934 0.00155552 0.0145607 
6.372 0.00227344 0.00155552 0.0145607 
6.397 0.00249948 0.00155552 0.0147866 
6.422 0.00257381 0.00155552 0.0147866 
6.447 0.002645 0.00155552 0.0147866 
6.472 0.0028591 0.00155552 0.0150499 
6.497 0.00301191 0.00155552 0.0152391 
6.522 0.00304933 0.00155552 0.0152391 
6.547 0.00317421 0.00155552 0.0153982 
6.572 0.0031997 0.00155552 0.0153982 
6.597 0.00330551 0.00155552 0.0156375 
6.622 0.00328511 0.00155552 0.0156375 
6.647 0.00332883 0.00155552 0.0157994 
6.672 0.00329776 0.00155552 0.0157994 
6.697 0.00334074 0.00155552 0.0160067 
6.722 0.00330036 0.00155552 0.0160067 
6.747 0.00328173 0.00155552 0.0160865 
6.772 0.00323756 0.00155552 0.0160865 
6.797 0.0032912 0.00155552 0.016381 
6.822 0.00324897 0.00155552 0.016381 
6.847 0.00332943 0.00155552 0.0167976 
6.872 0.00327317 0.00155552 0.0167976 
6.897 0.0033327 0.00155552 0.0170644 
6.922 0.00330036 0.00155552 0.0170644 
6.947 0.00340884 0.00155552 0.0173721 
6.972 0.00339998 0.00155552 0.0173721 
6.997 0.00349665 0.00155552 0.0175849 
7.022 0.00348938 0.00155552 0.0175849 
7.047 0.00357691 0.00155552 0.0177961 
7.072 0.00356224 0.00155552 0.0177961 
7.097 0.00363375 0.00155552 0.0180094 
7.122 0.0038486 0.00155552 0.0185186 
7.147 0.00383221 0.00155552 0.0185186 
7.172 0.00393743 0.00155552 0.018811 
7.197 0.00391561 0.00155552 0.018811 
7.222 0.00399129 0.00155552 0.0190576 
7.247 0.00395766 0.00155552 0.0190576 
7.272 0.0039581 0.00155552 0.0191524 
7.297 0.0039954 0.00155552 0.0193571 
7.322 0.00407464 0.00155552 0.0196142 
7.347 0.00403033 0.00155552 0.0196142 
7.372 0.00411064 0.00155552 0.0199237 
7.397 0.00405001 0.00155552 0.0199237 
7.422 0.00406102 0.00155552 0.0202164 
7.447 0.00397603 0.00155552 0.0202164 
7.472 0.00394283 0.00155552 0.0204676 
7.497 0.00385797 0.00155552 0.0205149 
7.522 0.00382849 0.00155552 0.0208222 
7.547 0.00373772 0.00155552 0.0208222 
7.572 0.0036891 0.00155552 0.0210747 
7.597 0.00365889 0.00155552 0.0213672 
7.622 0.0035763 0.00155552 0.0213672 
7.647 0.00356423 0.00155552 0.0216109 
7.672 0.00350793 0.00155552 0.0216109 
7.697 0.00348525 0.00155552 0.0217047 
7.722 0.00351043 0.00155552 0.0219528 
7.747 0.00352171 0.00155552 0.0221979 
7.772 0.00347639 0.00155552 0.0221979 
7.797 0.00343414 0.00155552 0.022198 
7.822 0.00339473 0.00155552 0.022198 
7.847 0.00346506 0.00155552 0.0227333 
7.872 0.0034247 0.00155552 0.0227333 
7.897 0.00340912 0.00155552 0.0228348 
7.922 0.00337031 0.00155552 0.0228348 
7.947 0.00338665 0.00155552 0.0230921 
7.972 0.00333834 0.00155552 0.0230921 
7.997 0.00336275 0.00155553 0.0233427 
8.022 0.00339611 0.00155553 0.023599 
8.047 0.00336867 0.00155553 0.023599 
8.072 0.0034837 0.00155553 0.0241703 
8.097 0.0034432 0.00155553 0.0241703 
8.122 0.00346841 0.00155553 0.0244327 
8.147 0.00341992 0.00155553 0.0244327 
8.172 0.00339654 0.00155553 0.0245419 
8.197 0.00334709 0.00155553 0.0245419 
8.222 0.00339316 0.00155553 0.0248064 
8.247 0.00337072 0.00155553 0.0248064 
8.272 0.00338777 0.00155553 0.0250661 
8.297 0.00334137 0.00155553 0.0250661 
8.322 0.0034017 0.00155553 0.025398 
8.347 0.00337572 0.00155553 0.025398 
8.372 0.00343816 0.00155553 0.0257876 
8.397 0.00350314 0.00155553 0.0263444 
8.422 0.0034396 0.00155553 0.0263444 
8.447 0.00344802 0.00155553 0.0266243 
8.472 0.00339571 0.00155553 0.0266243 
8.497 0.00337088 0.00155553 0.0267291 
8.522 0.0033651 0.00155553 0.027002 
8.547 0.00331802 0.00155553 0.0272726 
8.572 0.00323927 0.00155553 0.0272726 
8.597 0.00314732 0.00155553 0.0275898 
8.622 0.00304367 0.00155553 0.0275898 
8.647 0.0029584 0.00155553 0.0278451 
8.672 0.0028751 0.00155553 0.0278451 
8.697 0.00284343 0.00155553 0.0282054 
8.722 0.002796 0.00155553 0.0282054 
8.747 0.0027716 0.00155553 0.0284663 
8.772 0.00272922 0.00155553 0.0284663 
8.797 0.00272947 0.00155553 0.0287381 
8.822 0.0027459 0.00155553 0.0290694 
8.847 0.00272679 0.00155553 0.0290694 
8.872 0.00273079 0.00155553 0.0293433 
8.897 0.00270716 0.00155553 0.0293433 
8.922 0.00269206 0.00155553 0.0294473 
8.947 0.00271661 0.00155553 0.0297164 
8.972 0.00273484 0.00155553 0.029987 
8.997 0.00271978 0.00155553 0.029987 
9.022 0.00273934 0.00155553 0.0302497 
9.047 0.00272489 0.00155553 0.0302497 
9.072 0.00276561 0.00155553 0.0305729 
9.097 0.00276055 0.00155553 0.0305729 
9.122 0.00278526 0.00155553 0.0308841 
9.147 0.00276919 0.00155553 0.0308841 
9.172 0.00276048 0.00155553 0.0311569 
9.197 0.00273027 0.00155553 0.0312115 
9.222 0.00271931 0.00155553 0.0315139 
9.247 0.00273506 0.00155553 0.0318272 
9.272 0.00270459 0.00155553 0.0318272 
9.297 0.00272594 0.00155553 0.0321954 
9.322 0.00269529 0.00155553 0.0321954 
9.347 0.00268769 0.00155553 0.0324831 
9.372 0.00265906 0.00155553 0.0324831 
9.397 0.00262667 0.00155553 0.0328319 
9.422 0.00257523 0.00155553 0.0328319 
9.447 0.0025349 0.00155553 0.0331821 
9.472 0.00248636 0.00155553 0.0331821 
9.497 0.00245452 0.00155553 0.0335188 
9.522 0.00242184 0.00155553 0.0335188 
9.547 0.00236321 0.00155553 0.0338533 
9.572 0.00230938 0.00155553 0.0338533 
9.597 0.00225338 0.00155553 0.0341284 
9.622 0.00221339 0.00155553 0.0344177 
9.647 0.00216263 0.00155553 0.0344177 
9.672 0.00215038 0.00155553 0.0347133 
9.697 0.00210914 0.00155553 0.0347133 
9.722 0.00208688 0.00155553 0.0350771 
9.747 0.0020331 0.00155553 0.0350771 
9.772 0.00201316 0.00155553 0.0353881 
9.797 0.00197284 0.00155553 0.0354481 
9.822 0.00198846 0.00155553 0.0358282 
9.847 0.00195875 0.00155553 0.0358282 
9.872 0.00197607 0.00155553 0.0361446 
9.897 0.0020119 0.00155553 0.0365371 
9.922 0.0019932 0.00155553 0.0365371 
9.947 0.00203122 0.00155553 0.0368675 
9.972 0.00201546 0.00155553 0.0368675 
9.997 0.00204064 0.00155553 0.0369932 
10.022 0.00210224 0.00155553 0.0373286 
10.047 0.00217117 0.00155553 0.0376794 
10.072 0.00216696 0.00155553 0.0376794 
10.097 0.00223551 0.00155553 0.0381042 
10.122 0.00221541 0.00155553 0.0381042 
10.147 0.00227764 0.00155553 0.0384556 
10.172 0.00227177 0.00155553 0.0384556 
10.197 0.00236678 0.00155553 0.0389574 
10.222 0.00236615 0.00155553 0.0389574 
10.247 0.00243694 0.00155553 0.0393067 
10.272 0.00243949 0.00155553 0.0393067 
10.297 0.00250531 0.00155553 0.0396616 
10.322 0.00257144 0.00155553 0.0400202 
10.347 0.00256835 0.00155553 0.0400202 
10.372 0.00265661 0.00155553 0.0404482 
10.397 0.00265933 0.00155553 0.0404482 
10.422 0.0027209 0.00155553 0.0406573 
10.447 0.00273553 0.00155553 0.0406573 
10.472 0.00279735 0.00155553 0.0409332 
10.497 0.00279571 0.00155553 0.0409332 
10.522 0.00282667 0.00155553 0.0412968 
10.547 0.00278159 0.00155553 0.0412968 
10.572 0.00278185 0.00155553 0.0416531 
10.597 0.00272474 0.00155553 0.0416531 
10.622 0.00274111 0.00155553 0.0420227 
10.647 0.00269517 0.00155553 0.0420227 
10.672 0.00276164 0.00155553 0.0424517 
10.697 0.0027407 0.00155553 0.0424517 
10.722 0.00284197 0.00155553 0.0429531 
10.747 0.00301964 0.00155553 0.0437579 
10.772 0.00300309 0.00155553 0.0437579 
10.797 0.00307968 0.00155553 0.044123 
10.822 0.00306722 0.00155553 0.044123 
10.847 0.0030848 0.00155553 0.0442594 
10.872 0.00315622 0.00155553 0.0446015 
10.897 0.00317731 0.00155553 0.0449289 
10.922 0.00315173 0.00155553 0.0449289 
10.947 0.00312246 0.00155553 0.0452321 
10.972 0.00308204 0.00155553 0.0452321 
10.997 0.00303145 0.00155553 0.0455434 
11.022 0.0029737 0.00155553 0.0459126 
11.047 0.00292147 0.00155553 0.0459126 
11.072 0.00287211 0.00155553 0.0459126 
11.097 0.00282543 0.00155553 0.0459126 
11.122 0.00276128 0.00155553 0.0462875 
11.147 0.0027179 0.00155553 0.04666 
11.172 0.00265738 0.00155553 0.0469693 
11.197 0.0026088 0.00155553 0.0469693 
11.222 0.00254391 0.00155553 0.0470882 
11.247 0.00249031 0.00155553 0.0470882 
11.272 0.00242676 0.00155553 0.0473972 
11.297 0.00238808 0.00155553 0.0473972 
11.322 0.00228653 0.00155553 0.0481059 
11.347 0.00221292 0.00155553 0.0481059 
11.372 0.00208945 0.00155553 0.0484185 
11.397 0.00200616 0.00155553 0.0484185 
11.422 0.00191969 0.00155553 0.0485493 
11.447 0.00181419 0.00155553 0.0488037 
11.472 0.00174386 0.00155553 0.0488037 
11.497 0.00164162 0.00155553 0.049196 
11.522 0.001589 0.00155553 0.049196 
11.547 0.00153962 0.00155553 0.049196 
11.572 0.00142412 0.00155553 0.0496565 
11.597 0.00133197 0.00155553 0.0499596 
11.622 0.00130239 0.00155553 0.0499596 
11.647 0.00122548 0.00155553 0.0502683 
11.672 0.00120763 0.00155553 0.0502683 
11.697 0.0011521 0.00155553 0.0506307 
11.722 0.00115387 0.00155553 0.0506307 
11.747 0.00115941 0.00155553 0.0510521 
11.772 0.00118295 0.00155553 0.0510521 
11.797 0.00120654 0.00155553 0.0513561 
11.822 0.00123649 0.00155553 0.0513561 
11.847 0.00128539 0.00155553 0.0516696 
11.872 0.00134304 0.00155553 0.0520391 
11.897 0.00137761 0.00155553 0.0520391 
11.922 0.00143824 0.00155553 0.0524547 
11.947 0.00146607 0.00155553 0.0524547 
11.972 0.0015343 0.00155553 0.0527548 
11.997 0.00157366 0.00155553 0.0527548 
12.022 0.00164348 0.00155553 0.0529809 
12.047 0.00168325 0.00155553 0.0529809 
12.072 0.0017505 0.00155553 0.0533618 
12.097 0.00176719 0.00155553 0.0533618 
12.122 0.00183755 0.00155553 0.0537504 
12.147 0.00187332 0.00155553 0.0539665 
12.172 0.00186772 0.00155553 0.0539665 
12.197 0.00191288 0.00155553 0.0543093 
12.222 0.00189964 0.00155553 0.0543093 
12.247 0.00188767 0.00155553 0.0543093 
12.272 0.00190561 0.00155553 0.0545969 
12.297 0.00190229 0.00155553 0.0549352 
12.322 0.0018731 0.00155553 0.0549352 
12.347 0.00188361 0.00155554 0.0552172 
12.372 0.0018745 0.00155554 0.0552172 
12.397 0.0018908 0.00155554 0.0554465 
12.422 0.00189051 0.00155554 0.0554465 
12.447 0.00189838 0.00155554 0.0559398 
12.472 0.00188246 0.00155554 0.0559398 
12.497 0.0018794 0.00155554 0.0562077 
12.522 0.00186585 0.00155554 0.0562077 
12.547 0.00185148 0.00155554 0.0564801 
12.572 0.0018366 0.00155554 0.0564801 
12.597 0.00184653 0.00155554 0.0566957 
12.622 0.00183818 0.00155554 0.057082 
12.647 0.00182603 0.00155554 0.057082 
12.672 0.00179364 0.00155554 0.0574168 
12.697 0.00176528 0.00155554 0.0574168 
12.722 0.00174109 0.00155554 0.0576918 
12.747 0.00172519 0.00155554 0.0576918 
12.772 0.00170079 0.00155554 0.0578614 
12.797 0.00168348 0.00155554 0.0578614 
12.822 0.00162973 0.00155554 0.058032 
12.847 0.00159225 0.00155554 0.058032 
12.872 0.00149062 0.00155554 0.0584226 
12.897 0.00143574 0.00155554 0.0584226 
12.922 0.0013133 0.00155554 0.0589763 
12.947 0.00123259 0.00155554 0.0593105 
12.972 0.00119421 0.00155554 0.0593105 
12.997 0.00109736 0.00155554 0.0597023 
13.022 0.00105814 0.00155554 0.0597023 
13.047 0.000991079 0.00155554 0.0599362 
13.072 0.000981891 0.00155554 0.060184 
13.097 0.00096099 0.00155554 0.060184 
13.122 0.00107512 0.00157173 0.0604347 
13.147 0.00105572 0.00157173 0.0604347 
13.172 0.0014309 0.00178677 0.0606915 
13.197 0.00142143 0.00178677 0.0606915 
13.222 0.00122043 0.00267945 0.0610257 
13.247 0.00121205 0.00267945 0.0610257 
13.272 0.00131375 0.00379289 0.0612739 
13.297 0.00130707 0.00379289 0.0612739 
13.322 0.00167195 0.005279 0.0615017 
13.347 0.00168215 0.005279 0.0615017 
13.372 0.00200607 0.00686561 0.0617564 
13.397 0.00234286 0.00686561 0.0617071 
13.422 0.000545923 0.011124 0.0627895 
13.447 0.000592574 0.011124 0.0627895 
13.472 0.000662331 0.0130308 0.0631133 
13.497 0.00192895 0.0134566 0.0627547 
13.522 0.00190228 0.0134566 0.0627547 
13.547 0.000659415 0.0180683 0.0637056 
13.572 0.000694209 0.0180683 0.0637056 
13.597 0.00275046 0.0210165 0.0646461 
13.622 0.0027574 0.0210165 0.0646461 
13.647 0.00327233 0.0240213 0.0651205 
13.672 0.00327494 0.0240213 0.0651205 
13.697 0.0034725 0.0266376 0.0654643 
13.722 0.00348948 0.0266376 0.0654643 
13.747 0.00365278 0.0293264 0.0658559 
13.772 0.00366906 0.0281456 0.0658559 
13.797 0.00336308 0.03102 0.0660562 
13.822 0.00392839 0.0315796 0.0662706 
13.847 0.00289124 0.0345181 0.0662357 
13.872 0.00102512 0.037556 0.0658909 
13.897 0.00104209 0.037556 0.0658909 
13.922 0.00103872 0.0401552 0.0662181 
13.947 0.00103768 0.0401552 0.0662181 
13.972 0.00103413 0.0432461 0.0664863 
13.997 0.00103535 0.0414695 0.0664863 
14.022 0.00100715 0.046165 0.0668636 
14.047 0.000993397 0.0444912 0.0668636 
14.072 0.000983583 0.0477626 0.0671207 
14.097 0.000989614 0.0477626 0.0671207 
14.122 0.00100201 0.0518987 0.0674344 
14.147 0.00101871 0.0507782 0.0674344 
14.172 0.00102461 0.0541451 0.0677449 
14.197 0.00102937 0.0524744 0.0677449 
14.222 0.00104696 0.0569207 0.0680081 
14.247 0.00106186 0.0567347 0.0680584 
14.272 0.0010843 0.0629113 0.0683759 
14.297 0.00109491 0.061204 0.0683759 
14.322 0.00110578 0.0667079 0.0686399 
14.347 0.00145426 0.0720429 0.0689493 
14.372 0.00173444 0.0700407 0.0689493 
14.397 0.0026358 0.0761882 0.069211 
14.422 0.00319843 0.0749608 0.069211 
14.447 0.0041675 0.0750311 0.0692614 
14.472 0.00603048 0.0815546 0.0695232 
14.497 0.000935335 0.0860665 0.0697713 
14.522 0.00178505 0.0837263 0.0697713 
14.547 0.0102335 0.0922049 0.070077 
14.572 0.011498 0.0901089 0.070077 
14.597 0.0114299 0.0978655 0.0703741 
14.622 0.0111208 0.0949564 0.0703741 
14.647 0.0116073 0.0961307 0.0704276 
14.672 0.00560526 0.100386 0.0706255 
14.697 0.00162349 0.108783 0.0714539 
14.722 0.00493637 0.105324 0.0714539 
14.747 0.00198685 0.115468 0.0712549 
14.772 0.00566796 0.12287 0.0715016 
14.797 0.00996903 0.121121 0.0715016 
14.822 0.0134389 0.127289 0.0752447 
14.847 0.0106433 0.126055 0.0737516 
14.872 0.00549969 0.122917 0.0717482 
14.897 0.00289194 0.132479 0.0720315 
14.922 0.0017509 0.141653 0.0723053 
14.947 0.00515213 0.13918 0.0723053 
14.972 0.00281128 0.138296 0.0723466 
14.997 0.0110876 0.135953 0.0723466 
15.022 0.0111755 0.146113 0.0725562 
15.047 0.00502429 0.153578 0.0752579 
15.072 0.0031266 0.15012 0.0752579 
15.097 0.0153219 0.164491 0.0795926 
15.122 0.0109173 0.161651 0.0795926 
15.147 0.00859154 0.167805 0.0778051 
15.172 0.0125817 0.165274 0.0778051 
15.197 0.011027 0.173005 0.0735146 
15.222 0.00802823 0.169323 0.0735146 
15.247 0.00412001 0.17875 0.0737676 
15.272 0.005241 0.190939 0.074072 
15.297 0.0111313 0.187496 0.074072 
15.322 0.0113462 0.195032 0.0742895 
15.347 0.00293187 0.190664 0.0742895 
15.372 0.00478662 0.187775 0.0742895 
15.397 0.00544066 0.193447 0.0745166 
15.422 0.0114413 0.201454 0.0747916 
15.447 0.0112132 0.200369 0.0747916 
15.472 0.00542678 0.208834 0.0751229 
15.497 0.00621603 0.205602 0.0751229 
15.522 0.00408606 0.210752 0.0753707 
15.547 0.01203 0.207675 0.0753707 
15.572 0.00742759 0.214077 0.075672 
15.597 0.00467338 0.211747 0.075672 
15.622 0.0146563 0.220082 0.0760247 
15.647 0.00267947 0.226112 0.0762769 
15.672 0.00206562 0.220088 0.0762769 
15.697 0.0144599 0.22928 0.0765213 
15.722 0.00665106 0.222453 0.0765213 
15.747 0.0066247 0.217271 0.0765213 
15.772 0.0140651 0.225341 0.076819 
15.797 0.00190465 0.232194 0.0771144 
15.822 0.00476079 0.226724 0.0771144 
15.847 0.00662223 0.225637 0.0771626 
15.872 0.0126608 0.219119 0.0771626 
15.897 0.0166446 0.225254 0.0774154 
15.922 0.0183892 0.217921 0.0774154 
15.947 0.00284999 0.235407 0.0779153 
15.972 0.0136005 0.228493 0.0779153 
15.997 0.00422976 0.235736 0.0782258 
16.022 0.0139805 0.229323 0.0782258 
16.047 0.00317056 0.237693 0.0785886 
16.072 0.0116302 0.233464 0.0785886 
16.097 0.00713959 0.236644 0.0788467 
16.122 0.0150854 0.22983 0.0788467 
16.147 0.00723724 0.235447 0.0791016 
16.172 0.0175216 0.228635 0.0791016 
16.197 0.00657529 0.234004 0.0793461 
16.222 0.00691199 0.239507 0.0803974 
16.247 0.0081682 0.233926 0.0803974 
16.272 0.00660841 0.242679 0.0800028 
16.297 0.00720185 0.236696 0.0800028 
16.322 0.0167501 0.230746 0.0800028 
16.347 0.0109679 0.234436 0.0802485 
16.372 0.0086982 0.239115 0.0812592 
16.397 0.0148179 0.233256 0.0812592 
16.422 0.00922172 0.238871 0.0833264 
16.447 0.0184683 0.23158 0.0833264 
16.472 0.00726863 0.240914 0.0876545 
16.497 0.0149367 0.234448 0.0876545 
16.522 0.00637566 0.240594 0.0859547 
16.547 0.0184904 0.233478 0.0859547 
16.572 0.00768007 0.238216 0.0817226 
16.597 0.017536 0.232276 0.0817226 
16.622 0.0155726 0.236764 0.0820036 
16.647 0.013407 0.229872 0.0820036 
16.672 0.0128527 0.234748 0.0823054 
16.697 0.0129188 0.227619 0.0823054 
16.722 0.0141722 0.233089 0.0826613 
16.747 0.00468801 0.241999 0.0830763 
16.772 0.0106028 0.235928 0.0830763 
16.797 0.0105319 0.240807 0.0833782 
16.822 0.0140717 0.233477 0.0833782 
16.847 0.0137447 0.237385 0.0836898 
16.872 0.0152359 0.231471 0.0836898 
16.897 0.0128008 0.238226 0.0840554 
16.922 0.0123042 0.230313 0.0840554 
16.947 0.00767773 0.240244 0.0844877 
16.972 0.00783715 0.234166 0.0844877 
16.997 0.0112436 0.237561 0.0847978 
17.022 0.0176357 0.231834 0.0847978 
17.047 0.00944292 0.237447 0.0850972 
17.072 0.00922787 0.243286 0.0864215 
17.097 0.00946601 0.236891 0.0864215 
17.122 0.00883959 0.242789 0.0868228 
17.147 0.00881739 0.235957 0.0868228 
17.172 0.0101206 0.24356 0.0894901 
17.197 0.00667707 0.236713 0.0894901 
17.222 0.0102622 0.243117 0.0899365 
17.247 0.0180677 0.237566 0.0899365 
17.272 0.0108142 0.240956 0.0928132 
17.297 0.0166523 0.237698 0.0941117 
17.322 0.00922991 0.243326 0.0958996 
17.347 0.0126103 0.23615 0.0958996 
17.372 0.00221668 0.243281 0.0977317 
17.397 0.0119655 0.236489 0.0977317 
17.422 0.0129649 0.230808 0.08992 
17.447 0.0155974 0.238198 0.0982813 
17.472 0.0114761 0.233991 0.0905719 
17.497 0.00916853 0.237413 0.0848413 
17.522 0.023493 0.231556 0.0848413 
17.547 0.00647075 0.237749 0.0851511 
17.572 0.0161097 0.230035 0.0851511 
17.597 0.00869891 0.238712 0.0930997 
17.622 0.0115721 0.234081 0.0855462 
17.647 0.0076131 0.238205 0.085823 
17.672 0.0156528 0.233707 0.085823 
17.697 0.0105398 0.235996 0.0861049 
17.722 0.0200404 0.229862 0.0861049 
17.747 0.00851441 0.234816 0.0851937 
17.772 0.0162003 0.229922 0.0851937 
17.797 0.00683509 0.246208 0.0923677 
17.822 0.0078191 0.240846 0.0923677 
17.847 0.00369259 0.247666 0.0914536 
17.872 0.0116802 0.241382 0.0914536 
17.897 0.00776779 0.247215 0.0932452 
17.922 0.011855 0.241206 0.0932452 
17.947 0.00704295 0.246193 0.093625 
17.972 0.00844227 0.23982 0.093625 
17.997 0.00732097 0.245082 0.0940711 
18.022 0.0159852 0.239818 0.0940711 
18.047 0.00496208 0.245737 0.0931431 
18.072 0.0120737 0.253603 0.0950169 
18.097 0.00836644 0.244559 0.0950169 
18.122 0.0100609 0.24977 0.0956107 
18.147 0.00410555 0.244353 0.0956107 
18.172 0.00785576 0.250682 0.0961024 
18.197 0.0104055 0.245551 0.0961024 
18.222 0.0108228 0.239834 0.0961024 
18.247 0.00866005 0.246659 0.0964895 
18.272 0.00685885 0.249921 0.095362 
18.297 0.00921349 0.242991 0.095362 
18.322 0.00428637 0.249518 0.097295 
18.347 0.00976673 0.244277 0.097295 
18.372 0.0105138 0.249433 0.0992539 
18.397 0.00865649 0.246261 0.101028 
18.422 0.0163859 0.250564 0.101414 
18.447 0.0152767 0.243045 0.101414 
18.472 0.0061206 0.247637 0.1003 
18.497 0.0125779 0.24081 0.1003 
18.522 0.00884679 0.246503 0.0990855 
18.547 0.0115732 0.241238 0.0990855 
18.572 0.0101155 0.246602 0.101229 
18.597 0.00807609 0.243845 0.10281 
18.622 0.0101369 0.246462 0.103197 
18.647 0.0127684 0.241367 0.103197 
18.672 0.0107051 0.247023 0.102103 
18.697 0.0093043 0.250568 0.10111 
18.722 0.0139795 0.245343 0.10111 
18.747 0.00875664 0.251099 0.104957 
18.772 0.00832092 0.244262 0.104957 
18.797 0.00666733 0.249516 0.105059 
18.822 0.00967855 0.245133 0.105059 
18.847 0.00636218 0.246288 0.102302 
18.872 0.00523823 0.241173 0.102302 
18.897 0.00710881 0.247226 0.10424 
18.922 0.00990012 0.240127 0.10424 
18.947 0.0163246 0.245479 0.106358 
18.972 0.0140821 0.24115 0.106358 
18.997 0.0089085 0.242444 0.105259 
19.022 0.00833441 0.237411 0.105259 
19.047 0.00853731 0.240703 0.108752 
19.072 0.00853229 0.233941 0.108752 
19.097 0.0112022 0.23907 0.112164 
19.122 0.0141118 0.233365 0.112164 
19.147 0.0170843 0.23998 0.115841 
19.172 0.0108767 0.243578 0.108369 
19.197 0.00850993 0.238715 0.108369 
19.219 0.0114026 0.240404 0.107142 
19.247 0.00727728 0.23465 0.107142 
19.272 0.0138305 0.227645 0.107142 
19.297 0.0117026 0.231005 0.104826 
19.322 0.00736851 0.234667 0.106731 
19.347 0.0106699 0.229081 0.106731 
19.372 0.0134981 0.233246 0.107204 
19.397 0.00903831 0.227663 0.107204 
19.422 0.0094175 0.234614 0.110385 
19.447 0.0109476 0.228261 0.110385 
19.472 0.00882906 0.228597 0.105231 
19.497 0.0109887 0.22318 0.105231 
19.522 0.0118507 0.228075 0.108358 
19.547 0.0149031 0.236106 0.110319 
19.572 0.0134366 0.228066 0.110319 
19.597 0.0107666 0.232892 0.109315 
19.622 0.00762231 0.224559 0.109315 
19.647 0.0113239 0.21846 0.109315 
19.672 0.0114967 0.222733 0.108532 
19.697 0.014861 0.228575 0.107885 
19.722 0.0153783 0.219749 0.107885 
19.747 0.00986246 0.226046 0.109477 
19.772 0.0064903 0.218047 0.109477 
19.797 0.0112082 0.226463 0.112215 
19.822 0.0140946 0.220017 0.112215 
19.847 0.00651044 0.223039 0.111476 
19.872 0.0090652 0.2169 0.111476 
19.897 0.0150309 0.218919 0.109804 
19.922 0.00886707 0.213678 0.109804 
19.947 0.0101436 0.219253 0.111256 
19.972 0.0131638 0.212135 0.111256 
19.997 0.00774299 0.218307 0.112737 
20.022 0.01151 0.212133 0.112737 
20.047 0.0101471 0.215339 0.112144 
20.072 0.0162484 0.209886 0.112144 
20.097 0.0124067 0.213463 0.110691 
20.122 0.0129683 0.217598 0.112017 
20.147 0.0113351 0.212248 0.112017 
20.172 0.00901115 0.216638 0.113403 
20.197 0.0103159 0.211328 0.113403 
20.222 0.00723253 0.216116 0.114645 
20.247 0.0122952 0.209506 0.114645 
20.272 0.0162759 0.205618 0.110994 
20.297 0.0170509 0.199594 0.110994 
20.322 0.0133031 0.214685 0.114717 
20.347 0.0100066 0.206962 0.114717 
20.372 0.0153905 0.212904 0.116614 
20.397 0.00645121 0.216965 0.116201 
20.422 0.0118656 0.209771 0.116201 
20.447 0.0124719 0.214375 0.115307 
20.472 0.00684342 0.208593 0.115307 
20.497 0.00892399 0.212633 0.116327 
20.522 0.010823 0.206032 0.116327 
20.547 0.0126104 0.199443 0.116327 
20.572 0.00656465 0.20664 0.117381 
20.597 0.00714843 0.212058 0.117779 
20.622 0.0128756 0.205183 0.117779 
20.647 0.00739002 0.208636 0.117572 
20.672 0.0146428 0.202562 0.117572 
20.697 0.0110846 0.206918 0.11804 
20.722 0.00994168 0.203229 0.11804 
20.747 0.00960742 0.2082 0.118897 
20.772 0.00758328 0.199848 0.118897 
20.797 0.00631309 0.207647 0.119328 
20.822 0.0115859 0.201057 0.119328 
20.847 0.011737 0.205362 0.119371 
20.872 0.0117126 0.198284 0.119095 
20.897 0.00657049 0.205088 0.119839 
20.922 0.0138888 0.199243 0.119839 
20.947 0.00867492 0.204796 0.120549 
20.972 0.0138185 0.209347 0.120993 
20.997 0.00532211 0.204477 0.120993 
21.022 0.00860845 0.209126 0.121212 
21.047 0.0110882 0.202178 0.121212 
21.072 0.0132581 0.195216 0.121106 
21.097 0.003618 0.20024 0.121614 
21.122 0.00649466 0.207398 0.122092 
21.147 0.0117369 0.200545 0.122092 
21.172 0.00713948 0.204608 0.122559 
21.197 0.0124 0.200243 0.122559 
21.222 0.00889153 0.205113 0.122949 
21.247 0.00838181 0.200098 0.122949 
21.272 0.00827634 0.204223 0.123397 
21.297 0.00797537 0.19839 0.123397 
21.322 0.00866192 0.205502 0.123849 
21.347 0.00520319 0.213009 0.124297 
21.372 0.0054522 0.20608 0.124297 
21.397 0.00654511 0.209899 0.124677 
21.422 0.0132168 0.2047 0.124677 
21.447 0.0123367 0.209713 0.125041 
21.472 0.0114489 0.203418 0.125041 
21.497 0.00678688 0.196661 0.125041 
21.522 0.00909686 0.202026 0.12541 
21.547 0.00590774 0.209396 0.125842 
21.572 0.0112152 0.204373 0.125842 
21.597 0.00897574 0.210596 0.126336 
21.622 0.0102386 0.204369 0.126336 
21.647 0.00497816 0.209853 0.126685 
21.672 0.00815887 0.205463 0.126685 
21.697 0.00758589 0.211671 0.127087 
21.722 0.00979684 0.205026 0.127087 
21.747 0.00852582 0.213307 0.127555 
21.772 0.0158968 0.207334 0.127555 
21.797 0.00995926 0.211734 0.127833 
21.822 0.0102791 0.205645 0.127833 
21.847 0.00361349 0.212626 0.128245 
21.872 0.00887495 0.208075 0.128245 
21.897 0.00348897 0.215684 0.12872 
21.922 0.0105133 0.219159 0.129059 
21.947 0.00835453 0.214096 0.129059 
21.972 0.00923536 0.218692 0.129378 
21.997 0.00984012 0.212516 0.129378 
22.022 0.0056879 0.221906 0.129765 
22.047 0.00582357 0.214674 0.129765 
22.072 0.00688918 0.222882 0.130139 
22.097 0.00594503 0.216548 0.130139 
22.122 0.00518161 0.220825 0.130507 
22.147 0.0123779 0.216798 0.130507 
22.172 0.00614921 0.221085 0.130822 
22.197 0.0177873 0.215935 0.13548 
22.222 0.0164506 0.211085 0.13548 
22.247 0.0135404 0.216661 0.134939 
22.272 0.0122326 0.211833 0.134939 
22.297 0.0193218 0.218851 0.134549 
22.322 0.00967513 0.215656 0.134549 
22.347 0.00897483 0.218741 0.134963 
22.372 0.00730192 0.214289 0.135989 
22.397 0.0186256 0.217899 0.137502 
22.422 0.0153477 0.212426 0.137502 
22.447 0.00386343 0.229441 0.132911 
22.472 0.00665791 0.235974 0.132279 
22.497 0.00480692 0.230556 0.132279 
22.522 0.0055878 0.235993 0.131483 
22.547 0.00770082 0.231703 0.131483 
22.572 0.00738816 0.226813 0.130541 
22.597 0.00828703 0.231547 0.13179 
22.622 0.00634031 0.236702 0.133129 
22.647 0.00532403 0.231498 0.133129 
22.672 0.00862238 0.238506 0.134766 
22.697 0.007986 0.23123 0.134766 
22.722 0.00620246 0.237814 0.133853 
22.747 0.00839986 0.234146 0.133853 
22.772 0.00728316 0.241384 0.134242 
22.797 0.00440734 0.235318 0.134242 
22.822 0.00809553 0.238486 0.135906 
22.847 0.00301452 0.233033 0.135906 
22.872 0.00778338 0.239338 0.136326 
22.897 0.00486868 0.235263 0.136326 
22.922 0.00705156 0.241409 0.135476 
22.947 0.0122334 0.235572 0.135476 
22.972 0.00677389 0.241757 0.134601 
22.997 0.00835423 0.23759 0.134601 
23.022 0.00675173 0.241855 0.136223 
23.047 0.00486477 0.245646 0.137903 
23.072 0.00722393 0.240266 0.137903 
23.097 0.0037215 0.247358 0.138321 
23.122 0.00963531 0.241454 0.138321 
23.147 0.00631467 0.244866 0.138666 
23.172 0.00813024 0.238992 0.138666 
23.197 0.0059498 0.245427 0.139098 
23.222 0.00989017 0.239008 0.139098 
23.247 0.0109745 0.246092 0.139536 
23.272 0.01182 0.239289 0.139536 
23.297 0.00753174 0.233706 0.141149 
23.322 0.0104916 0.22842 0.141149 
23.347 0.0102697 0.247285 0.140416 
23.372 0.00622921 0.242281 0.140416 
23.397 0.0122063 0.247543 0.140856 
23.422 0.00633758 0.241342 0.140856 
23.447 0.00947555 0.245594 0.13528 
23.472 0.00746837 0.23878 0.13528 
23.497 0.0119929 0.245529 0.135429 
23.522 0.00660532 0.240273 0.135429 
23.547 0.010456 0.243394 0.145102 
23.572 0.00878291 0.238387 0.145102 
23.597 0.0130676 0.247764 0.136482 
23.622 0.00967766 0.240978 0.136482 
23.647 0.016043 0.244124 0.144514 
23.672 0.0104885 0.239661 0.144514 
23.697 0.0135223 0.24293 0.145094 
23.722 0.00841161 0.249713 0.145569 
23.747 0.0101144 0.242051 0.145569 
23.772 0.00950108 0.251076 0.144394 
23.797 0.0076818 0.24591 0.144394 
23.822 0.00949469 0.238443 0.145946 
23.847 0.00642668 0.243166 0.14653 
23.872 0.00788842 0.24661 0.146728 
23.897 0.0111866 0.240686 0.146728 
23.922 0.00548457 0.245945 0.14563 
23.947 0.0102418 0.240787 0.14563 
23.972 0.00849458 0.2464 0.143101 
23.997 0.00623971 0.24224 0.143101 
24.022 0.010968 0.247012 0.145 
24.047 0.0141159 0.238623 0.145 
24.072 0.00456516 0.244399 0.146927 
24.097 0.00793474 0.237669 0.146927 
24.122 0.0150672 0.240771 0.15063 
24.147 0.01298 0.234595 0.15063 
24.172 0.00670525 0.24023 0.149527 
24.197 0.0103142 0.23355 0.149527 
24.222 0.00995182 0.243478 0.146617 
24.247 0.0145197 0.234916 0.146617 
24.272 0.0108528 0.239734 0.148736 
24.297 0.0139642 0.233481 0.148736 
24.322 0.0121854 0.236526 0.152418 
24.347 0.00593584 0.24001 0.152605 
24.372 0.0158825 0.233772 0.152605 
24.397 0.0132455 0.236625 0.153172 
24.422 0.0167805 0.231675 0.153172 
24.447 0.0238315 0.225443 0.153172 
24.472 0.007489 0.241022 0.14619 
24.497 0.0100462 0.237709 0.152491 
24.522 0.0109358 0.231621 0.152491 
24.547 0.016157 0.23596 0.156105 
24.572 0.0149676 0.226831 0.156105 
24.597 0.0110743 0.232826 0.148719 
24.622 0.0141442 0.237247 0.146403 
24.647 0.0130201 0.242247 0.146957 
24.672 0.00955551 0.237579 0.146957 
24.697 0.0169974 0.232073 0.155965 
24.722 0.0118029 0.225836 0.155965 
24.747 0.00952487 0.229658 0.156343 
24.772 0.0128725 0.222059 0.156343 
24.797 0.00609932 0.23951 0.148377 
24.822 0.0058177 0.231863 0.148377 
24.847 0.0152156 0.22453 0.156991 
24.872 0.0160235 0.217628 0.156991 
24.897 0.0135163 0.225148 0.154737 
24.922 0.00969657 0.229523 0.15098 
24.947 0.0140043 0.221465 0.15098 
24.972 0.00816056 0.226845 0.151425 
24.997 0.00710061 0.219339 0.151425 
25.022 0.00983751 0.225682 0.150716 
25.047 0.00977218 0.218447 0.150716 
25.072 0.00907751 0.224474 0.150045 
25.097 0.00790741 0.218321 0.150045 
25.122 0.0180793 0.221658 0.159724 
25.147 0.0114121 0.216143 0.159724 
25.172 0.0167072 0.219403 0.160091 
25.197 0.0167744 0.21324 0.160091 
25.222 0.0121922 0.217045 0.160297 
25.247 0.018236 0.208519 0.160297 
25.272 0.00542131 0.21153 0.160809 
25.297 0.0174175 0.20724 0.160809 
25.322 0.0136789 0.211691 0.161244 
25.347 0.0139514 0.218913 0.161601 
25.372 0.0176474 0.212436 0.161601 
25.397 0.0116716 0.216153 0.1621 
25.422 0.0208784 0.209365 0.1621 
25.447 0.00551376 0.212617 0.162465 
25.472 0.0164779 0.206846 0.162465 
25.497 0.0145705 0.209099 0.162693 
25.522 0.0115732 0.201089 0.162693 
25.547 0.00856927 0.217234 0.157466 
25.572 0.00643503 0.210725 0.157466 
25.597 0.0074845 0.213966 0.157998 
25.622 0.00607046 0.214347 0.163982 
25.647 0.0116388 0.205746 0.163982 
25.672 0.00779464 0.208103 0.162427 
25.697 0.0145623 0.203543 0.162427 
25.722 0.0064257 0.206356 0.158327 
25.747 0.0130281 0.201029 0.160093 
25.772 0.00976285 0.205572 0.160668 
25.797 0.0105282 0.199912 0.160668 
25.822 0.0139741 0.204498 0.161245 
25.847 0.0124038 0.197209 0.161245 
25.872 0.00629225 0.205776 0.161952 
25.897 0.00913563 0.19935 0.161952 
25.922 0.00934757 0.202966 0.166356 
25.947 0.0187904 0.195794 0.166356 
25.972 0.0102006 0.200738 0.166599 
25.997 0.0148018 0.195079 0.166599 
26.022 0.0131138 0.195691 0.167033 
26.047 0.0120051 0.190957 0.167033 
26.072 0.00518175 0.209863 0.164139 
26.097 0.0168185 0.203751 0.167891 
26.122 0.0217348 0.198344 0.167891 
26.147 0.00831045 0.213257 0.165886 
26.172 0.0124739 0.205541 0.165886 
26.197 0.0110168 0.20001 0.168697 
26.222 0.0189383 0.192874 0.168697 
26.247 0.0128482 0.196521 0.16643 
26.272 0.00484918 0.201924 0.167448 
26.297 0.00854444 0.206823 0.16847 
26.322 0.0121676 0.201026 0.16847 
26.347 0.00700777 0.207669 0.16866 
26.372 0.00401265 0.199932 0.16866 
26.397 0.00856286 0.206893 0.168969 
26.422 0.0108879 0.201059 0.168969 
26.447 0.00809349 0.206265 0.169405 
26.472 0.0116086 0.201329 0.169405 
26.497 0.0118327 0.206792 0.170133 
26.522 0.0128705 0.201791 0.170133 
26.547 0.00466509 0.205193 0.171113 
26.572 0.00684037 0.198502 0.171113 
26.597 0.0139213 0.205271 0.171502 
26.622 0.0107408 0.20122 0.171502 
26.647 0.00492933 0.204931 0.172179 
26.672 0.00778197 0.212143 0.17297 
26.697 0.00807086 0.207406 0.17297 
26.722 0.0104648 0.210399 0.17361 
26.747 0.00955997 0.206505 0.17361 
26.772 0.00819745 0.199885 0.173789 
26.797 0.00599862 0.205373 0.174277 
26.822 0.00798301 0.211483 0.175051 
26.847 0.0102785 0.208155 0.175051 
26.872 0.00495732 0.20273 0.174886 
26.897 0.0149388 0.197807 0.174886 
26.922 0.00863569 0.201211 0.175277 
26.947 0.0106484 0.205325 0.175573 
26.972 0.0155654 0.19968 0.175573 
26.997 0.0124634 0.206256 0.175994 
27.022 0.0149806 0.199431 0.175994 
27.047 0.00538384 0.203318 0.177324 
27.072 0.00430973 0.209417 0.178013 
27.097 0.00591533 0.217025 0.178398 
27.122 0.00388248 0.21079 0.178398 
27.147 0.0144769 0.215877 0.178882 
27.172 0.0111451 0.209803 0.178882 
27.197 0.0109113 0.217375 0.179515 
27.222 0.0110304 0.211591 0.179515 
27.247 0.00795453 0.21792 0.180606 
27.272 0.00826192 0.213879 0.180606 
27.297 0.0112844 0.208182 0.180304 
27.322 0.012781 0.204949 0.180304 
27.347 0.00922809 0.20927 0.181289 
27.372 0.00417619 0.215204 0.181968 
27.397 0.00696006 0.209501 0.181968 
27.422 0.0123729 0.218998 0.182766 
27.447 0.0121147 0.214267 0.182766 
27.472 0.0153406 0.217132 0.180471 
27.497 0.0133393 0.213133 0.180471 
27.522 0.0110477 0.21851 0.180857 
27.547 0.0151652 0.211635 0.180857 
27.572 0.0136677 0.216674 0.180703 
27.597 0.0164555 0.21229 0.180703 
27.622 0.0171971 0.213964 0.179826 
27.647 0.0154623 0.210398 0.179826 
27.672 0.00835295 0.229951 0.185445 
27.697 0.00613016 0.223261 0.185445 
27.722 0.0101497 0.218233 0.181884 
27.747 0.0154285 0.227571 0.183193 
27.772 0.0156248 0.220286 0.183193 
27.797 0.0118213 0.225259 0.182748 
27.822 0.012477 0.221183 0.182748 
27.847 0.0116784 0.225143 0.182366 
27.872 0.0165371 0.220243 0.182366 
27.897 0.00927045 0.225391 0.183566 
27.922 0.0160172 0.220445 0.183566 
27.947 0.0106849 0.229776 0.184917 
27.972 0.0138889 0.225372 0.184917 
27.997 0.0184281 0.229998 0.184436 
28.022 0.010182 0.234258 0.183916 
28.047 0.0155996 0.227268 0.183916 
28.072 0.0174252 0.233127 0.185168 
28.097 0.0113198 0.228119 0.185168 
28.122 0.00692095 0.231721 0.19066 
28.147 0.00696282 0.238642 0.191229 
28.172 0.00426688 0.242232 0.190706 
28.197 0.0123115 0.237793 0.190706 
28.222 0.011761 0.235659 0.186519 
28.247 0.0138064 0.228902 0.186519 
28.272 0.0142195 0.234314 0.186898 
28.297 0.0134377 0.239152 0.19062 
28.322 0.0111302 0.233163 0.19062 
28.347 0.00550649 0.239353 0.192396 
28.372 0.0119679 0.234549 0.192396 
28.397 0.018602 0.228576 0.186645 
28.422 0.0209462 0.236412 0.188229 
28.447 0.00964895 0.243138 0.188617 
28.472 0.0123636 0.23677 0.188617 
28.497 0.00658118 0.239354 0.192586 
28.522 0.0110621 0.234559 0.192586 
28.547 0.00562203 0.242337 0.194297 
28.572 0.00671461 0.251107 0.197512 
28.597 0.00712139 0.244814 0.197512 
28.622 0.00434187 0.24916 0.19798 
28.647 0.0123851 0.244175 0.19798 
28.672 0.0137226 0.237742 0.191648 
28.697 0.014279 0.242311 0.190909 
28.722 0.0127715 0.247907 0.192586 
28.747 0.0135266 0.243165 0.192586 
28.772 0.00462907 0.250424 0.199692 
28.797 0.00789766 0.245794 0.199692 
28.822 0.00794254 0.24715 0.198811 
28.847 0.0133227 0.255389 0.200659 
28.872 0.00476238 0.247958 0.200659 
28.897 0.00433558 0.253685 0.202678 
28.922 0.00861746 0.248985 0.202678 
28.947 0.0116317 0.256411 0.200532 
28.972 0.00407921 0.24749 0.200532 
28.997 0.0101111 0.245129 0.201909 
29.022 0.00459852 0.249309 0.200847 
29.047 0.00699743 0.254888 0.202872 
29.072 0.00670185 0.248759 0.202872 
29.097 0.00717826 0.254372 0.203426 
29.122 0.00495969 0.249253 0.203426 
29.147 0.00870741 0.255632 0.204126 
29.172 0.00308484 0.251223 0.204126 
29.197 0.00601263 0.256564 0.204611 
29.222 0.00734944 0.247752 0.204611 
29.247 0.00681159 0.243343 0.197963 
29.272 0.00412686 0.260044 0.205735 
29.297 0.00308019 0.252967 0.205735 
29.322 0.0078909 0.251378 0.199396 
29.347 0.0101473 0.246028 0.199396 
29.372 0.0209572 0.237621 0.199396 
29.397 0.0076731 0.243522 0.19971 
29.422 0.01138 0.247482 0.198947 
29.447 0.0141044 0.240601 0.198947 
29.472 0.0116407 0.246763 0.198277 
29.497 0.0123527 0.242186 0.198277 
29.522 0.00769907 0.248555 0.202702 
29.547 0.00830626 0.243417 0.202702 
29.572 0.00961191 0.248136 0.201922 
29.597 0.0126408 0.241251 0.201922 
29.622 0.0123098 0.247388 0.203924 
29.647 0.0170809 0.241209 0.203924 
29.672 0.00742967 0.247152 0.209876 
29.697 0.0148835 0.240482 0.209876 
29.722 0.00522426 0.250835 0.214766 
29.747 0.012795 0.242412 0.214766 
29.772 0.00837964 0.248061 0.213922 
29.797 0.0160523 0.240386 0.213922 
29.822 0.00668381 0.248098 0.214521 
29.847 0.0139517 0.24137 0.214521 
29.872 0.0112628 0.248442 0.215045 
29.897 0.0134676 0.24331 0.215045 
29.922 0.0156217 0.245392 0.207294 
29.947 0.019995 0.239251 0.207294 
29.972 0.0136755 0.243144 0.207599 
29.997 0.0080649 0.250838 0.20817 
30.022 0.0185983 0.242986 0.20817 
30.047 0.00768039 0.250682 0.207435 
30.072 0.0119638 0.242289 0.207435 
30.097 0.00937937 0.250728 0.216298 
30.122 0.00926891 0.246396 0.210857 
30.147 0.00901871 0.248323 0.211311 
30.172 0.0161925 0.243695 0.211311 
30.197 0.00873035 0.24673 0.211791 
30.222 0.010886 0.239859 0.211791 
30.247 0.0127174 0.246595 0.213698 
30.272 0.00917684 0.254307 0.214273 
30.297 0.0056454 0.25672 0.213428 
30.322 0.00666714 0.252351 0.213428 
30.347 0.00911174 0.248077 0.214949 
30.372 0.016866 0.241208 0.214949 
30.397 0.0102013 0.247604 0.215445 
30.422 0.0160819 0.239234 0.215445 
30.447 0.00782319 0.2477 0.217564 
30.472 0.0146891 0.240822 0.210596 
30.497 0.00540127 0.248852 0.212586 
30.522 0.0167441 0.24298 0.212586 
30.547 0.00887402 0.246616 0.213081 
30.572 0.010671 0.249422 0.217917 
30.597 0.00783799 0.245067 0.217917 
30.622 0.00690542 0.247238 0.218221 
30.647 0.0207388 0.24069 0.218221 
30.672 0.0194991 0.236058 0.218221 
30.697 0.00418517 0.251328 0.227965 
30.722 0.00916385 0.248289 0.222266 
30.747 0.0113585 0.242436 0.222266 
30.772 0.00434789 0.246087 0.222767 
30.797 0.0172489 0.240237 0.222767 
30.822 0.00621373 0.254403 0.230949 
30.847 0.0102622 0.246412 0.230949 
30.872 0.00299222 0.254905 0.233175 
30.897 0.00480879 0.246575 0.233175 
30.922 0.00265945 0.252285 0.232247 
30.947 0.0133499 0.248198 0.233782 
30.972 0.00900649 0.254143 0.225518 
30.997 0.0105573 0.248317 0.225518 
31.022 0.00925342 0.251948 0.22463 
31.047 0.00874493 0.255856 0.222206 
31.072 0.00920867 0.250041 0.222206 
31.097 0.00619066 0.252306 0.222693 
31.122 0.00816783 0.246498 0.222693 
31.147 0.00228044 0.254278 0.224649 
31.172 0.0131273 0.24563 0.224649 
31.197 0.00552906 0.251995 0.223763 
31.222 0.00973905 0.245767 0.225232 
31.247 0.0080768 0.252831 0.224437 
31.272 0.011889 0.247035 0.224437 
31.297 0.00803187 0.249935 0.226306 
31.322 0.00342917 0.254545 0.225409 
31.347 0.00182813 0.24938 0.225409 
31.372 0.0112277 0.253944 0.227555 
31.397 0.0065607 0.249247 0.227555 
31.422 0.00383498 0.251173 0.232253 
31.447 0.00680688 0.249189 0.233959 
31.472 0.0031845 0.255087 0.237596 
31.497 0.00534347 0.247107 0.237596 
31.522 0.00949159 0.251874 0.23647 
31.547 0.00534168 0.246406 0.23647 
31.572 0.00792861 0.249687 0.233926 
31.597 0.00965141 0.244317 0.233926 
31.622 0.00403911 0.248358 0.228727 
31.647 0.0107279 0.244078 0.228727 
31.672 0.00336492 0.250958 0.230792 
31.697 0.00975672 0.244913 0.230792 
31.722 0.0143063 0.247172 0.22841 
31.747 0.00604962 0.251706 0.228711 
31.772 0.00719856 0.244246 0.228711 
31.797 0.00289569 0.252078 0.229288 
31.822 0.00736364 0.244554 0.229288 
31.847 0.0088045 0.250681 0.23143 
31.872 0.00533399 0.248268 0.23311 
31.897 0.0083951 0.250236 0.230458 
31.922 0.00913055 0.245256 0.230458 
31.947 0.00303172 0.247936 0.231122 
31.972 0.0127616 0.241834 0.231122 
31.997 0.00656729 0.248483 0.231697 
32.022 0.00877056 0.241211 0.231697 
32.047 0.00988344 0.247627 0.23366 
32.072 0.0074629 0.244943 0.233749 
32.097 0.00812699 0.247518 0.232818 
32.122 0.0138276 0.241511 0.232818 
32.147 0.0104223 0.243763 0.233276 
32.172 0.00678102 0.25237 0.242728 
32.197 0.00494453 0.246678 0.242728 
32.222 0.0109397 0.252018 0.243252 
32.247 0.00398396 0.246552 0.243252 
32.272 0.015468 0.240548 0.234429 
32.297 0.0060929 0.244852 0.234884 
32.322 0.00487559 0.249005 0.23375 
32.347 0.0135308 0.242756 0.23375 
32.372 0.0085114 0.25011 0.23569 
32.397 0.00852085 0.243036 0.23569 
32.422 0.0160785 0.235606 0.232904 
32.447 0.0109213 0.244307 0.236506 
32.472 0.00843974 0.248107 0.236778 
32.497 0.00759385 0.241365 0.236778 
32.522 0.00456259 0.247383 0.237412 
32.547 0.013751 0.239359 0.237412 
32.572 0.00589086 0.24453 0.24088 
32.597 0.00660898 0.251583 0.247361 
32.622 0.00580202 0.243877 0.247361 
32.647 0.00602297 0.253138 0.249485 
32.672 0.0056783 0.244553 0.249485 
32.697 0.00282837 0.247536 0.246759 
32.722 0.0102346 0.241954 0.246759 
32.747 0.0157594 0.23398 0.246759 
32.772 0.00751662 0.241923 0.245861 
32.797 0.00659332 0.246958 0.238925 
32.822 0.00633972 0.240267 0.238925 
32.847 0.00824187 0.250226 0.242558 
32.872 0.00882423 0.242284 0.242558 
32.897 0.0107611 0.236202 0.242558 
32.922 0.00708518 0.241418 0.247478 
32.947 0.00866326 0.243897 0.247932 
32.972 0.0109537 0.239058 0.247932 
32.997 0.00932407 0.241658 0.246942 
33.022 0.00962686 0.235198 0.246942 
33.047 0.0193601 0.229441 0.246942 
33.072 0.0140543 0.235037 0.246059 
33.097 0.00266932 0.243647 0.242093 
33.122 0.011178 0.237702 0.242093 
33.147 0.00317901 0.240271 0.242725 
33.172 0.0130515 0.236181 0.242725 
33.197 0.00413324 0.240895 0.243266 
33.222 0.0126166 0.235438 0.243266 
33.247 0.00854713 0.239748 0.243808 
33.272 0.0148377 0.23415 0.243808 
33.297 0.0114948 0.242751 0.245853 
33.322 0.0122076 0.237001 0.245853 
33.347 0.00709164 0.239578 0.246306 
33.372 0.0118925 0.23487 0.244896 
33.397 0.00932554 0.237864 0.243738 
33.422 0.0095578 0.232113 0.243738 
33.447 0.0147867 0.235062 0.242789 
33.472 0.0110248 0.229648 0.242789 
33.497 0.0117708 0.234938 0.250648 
33.522 0.0202145 0.227342 0.241833 
33.547 0.00426104 0.244331 0.249963 
33.572 0.00835359 0.237632 0.249963 
33.597 0.0134874 0.234636 0.245693 
33.622 0.00819663 0.240158 0.24469 
33.647 0.0126004 0.233396 0.24469 
33.672 0.0101013 0.236247 0.244905 
33.697 0.0175565 0.229376 0.244905 
33.722 0.00788993 0.235017 0.249894 
33.747 0.00870967 0.241596 0.251794 
33.772 0.00503689 0.244037 0.252182 
33.797 0.00472254 0.23896 0.252182 
33.822 0.00960141 0.238097 0.246304 
33.847 0.0197774 0.228784 0.246304 
33.872 0.00824448 0.234159 0.246863 
33.897 0.0221541 0.226852 0.246863 
33.922 0.00598709 0.244216 0.253577 
33.947 0.0109758 0.238367 0.253577 
33.972 0.00385739 0.242061 0.253969 
33.997 0.00765621 0.235693 0.253969 
34.022 0.0136656 0.231725 0.248282 
34.047 0.0173658 0.226681 0.248282 
34.072 0.0137198 0.231197 0.248675 
34.097 0.0217809 0.224277 0.247278 
34.122 0.00223049 0.239073 0.25387 
34.147 0.0124832 0.232302 0.25387 
34.172 0.00518269 0.236678 0.254276 
34.197 0.00262822 0.243615 0.254756 
34.222 0.00727501 0.23558 0.254756 
34.247 0.00779184 0.242965 0.256664 
34.272 0.00661223 0.239707 0.256741 
34.297 0.0116996 0.23143 0.255315 
34.322 0.00311796 0.237007 0.255714 
34.347 0.00262445 0.241081 0.265236 
34.372 0.00547339 0.235411 0.265236 
34.397 0.0045538 0.243908 0.258081 
34.422 0.0109795 0.235614 0.258081 
34.447 0.00701317 0.239971 0.265905 
34.472 0.0111286 0.232573 0.265905 
34.497 0.00260362 0.24166 0.258978 
34.522 0.00876373 0.236682 0.258978 
34.547 0.010285 0.240902 0.259401 
34.572 0.00543416 0.235048 0.259401 
34.597 0.00636254 0.238383 0.259741 
34.622 0.008127 0.231211 0.259741 
34.647 0.00851756 0.241123 0.26023 
34.672 0.00484331 0.234946 0.26023 
34.697 0.00609207 0.239015 0.260568 
34.722 0.00964029 0.230953 0.260568 
34.747 0.00894143 0.234991 0.260916 
34.772 0.010562 0.242609 0.261322 
34.797 0.00711319 0.23629 0.261322 
34.822 0.00632249 0.240328 0.261653 
34.847 0.0105114 0.234185 0.261653 
34.872 0.00953349 0.231828 0.261778 
34.897 0.00552718 0.235235 0.262105 
34.922 0.00293704 0.237655 0.262434 
34.947 0.00652473 0.233406 0.262434 
34.972 0.00569724 0.237758 0.262765 
34.997 0.0108712 0.230404 0.262765 
35.022 0.00412739 0.237043 0.263171 
35.047 0.0127405 0.230204 0.263171 
35.072 0.00328107 0.234878 0.263512 
35.097 0.0146096 0.230486 0.263576 
35.122 0.00484334 0.235925 0.26398 
35.147 0.0043874 0.230734 0.26398 
35.172 0.00633029 0.233204 0.264339 
35.197 0.0045349 0.239833 0.264773 
35.222 0.00699734 0.235023 0.264773 
35.247 0.00611482 0.238346 0.265129 
35.272 0.00674282 0.231309 0.265129 
35.297 0.00828396 0.229639 0.265264 
35.322 0.00730324 0.233065 0.265614 
35.347 0.00734231 0.237111 0.265961 
35.372 0.0109044 0.23039 0.265961 
35.397 0.00427469 0.235097 0.266293 
35.422 0.0137453 0.229571 0.266293 
35.447 0.00454895 0.234485 0.266699 
35.472 0.00458991 0.228951 0.266699 
35.497 0.00463742 0.233754 0.267103 
35.522 0.00259405 0.228699 0.267103 
35.547 0.00506032 0.234705 0.267507 
35.572 0.008409 0.227976 0.267507 
35.597 0.00805359 0.233647 0.267836 
35.622 0.00893388 0.224771 0.267836 
35.647 0.0104732 0.22996 0.268166 
35.672 0.000693177 0.236313 0.268572 
35.697 0.0060653 0.2294 0.268572 
35.722 0.00751042 0.236398 0.268984 
35.747 0.00563099 0.228696 0.268984 
35.772 0.0134745 0.224881 0.269051 
35.797 0.00907897 0.228593 0.26939 
35.822 0.00785094 0.234081 0.269797 
35.847 0.00811049 0.229006 0.269797 
35.872 0.0162625 0.220174 0.269797 
35.897 0.0222843 0.214635 0.269797 
35.922 0.0135624 0.221 0.270201 
35.947 0.00865415 0.229879 0.270653 
35.972 0.00967638 0.223193 0.270653 
35.997 0.0178692 0.225468 0.270905 
36.022 0.0146407 0.218629 0.270905 
36.047 0.0107687 0.225458 0.271287 
36.072 0.0147622 0.218144 0.271287 
36.097 0.00199916 0.225773 0.27167 
36.122 0.0126825 0.222374 0.27174 
36.147 0.00825315 0.225362 0.272057 
36.172 0.0130068 0.217926 0.272057 
36.197 0.00905475 0.223154 0.272384 
36.222 0.0165284 0.216097 0.272384 
36.247 0.00847943 0.223149 0.272775 
36.272 0.0037048 0.227641 0.274577 
36.297 0.00611318 0.225677 0.27324 
36.322 0.0140683 0.216538 0.27324 
36.347 0.0146293 0.221742 0.273568 
36.372 0.0216263 0.214697 0.273568 
36.397 0.0059252 0.231672 0.27425 
36.422 0.00494526 0.225694 0.27425 
36.447 0.00620405 0.22937 0.274539 
36.472 0.0141318 0.223282 0.274539 
36.497 0.00897457 0.221602 0.274661 
36.522 0.0168698 0.214413 0.274661 
36.547 0.0141796 0.218946 0.274964 
36.572 0.0186406 0.213745 0.274964 
36.597 0.0099356 0.228564 0.275599 
36.622 0.00912695 0.223436 0.275599 
36.647 0.00369851 0.225283 0.275881 
36.672 0.00648047 0.22423 0.275997 
36.697 0.0156737 0.218672 0.275997 
36.722 0.0133755 0.220694 0.276284 
36.747 0.00963121 0.21614 0.276284 
36.772 0.0107753 0.221481 0.276576 
36.797 0.00917157 0.223986 0.276862 
36.822 0.00387547 0.230987 0.278757 
36.847 0.0103165 0.223323 0.278757 
36.872 0.00327032 0.227905 0.277478 
36.897 0.0144647 0.221657 0.277478 
36.922 0.00561487 0.219199 0.271973 
36.947 0.0163241 0.212169 0.271973 
36.972 0.0204033 0.213669 0.276274 
36.997 0.0183137 0.207864 0.276274 
37.022 0.00553545 0.227273 0.278492 
37.047 0.0103192 0.2193 0.278492 
37.072 0.00644035 0.224218 0.278778 
37.097 0.00544784 0.224765 0.278892 
37.122 0.0123757 0.216419 0.278892 
37.147 0.0101438 0.217776 0.279119 
37.172 0.0241461 0.210141 0.279119 
37.197 0.00414058 0.219359 0.279461 
37.222 0.00741424 0.225369 0.279792 
37.247 0.00905871 0.219497 0.279846 
37.272 0.0100703 0.212543 0.279846 
37.297 0.0108484 0.215857 0.280138 
37.322 0.0142513 0.212278 0.280138 
37.347 0.0195889 0.216039 0.28043 
37.372 0.0178249 0.208371 0.28043 
37.397 0.0123272 0.211925 0.280708 
37.422 0.0191311 0.207785 0.280708 
37.447 0.00606743 0.225139 0.281419 
37.472 0.00836691 0.219387 0.281419 
37.497 0.00218984 0.222575 0.281715 
37.522 0.0122978 0.220314 0.281836 
37.547 0.0144321 0.215872 0.281836 
37.572 0.00745113 0.218036 0.282135 
37.597 0.0116161 0.211775 0.282135 
37.622 0.00920836 0.21715 0.282443 
37.647 0.0183031 0.209342 0.282443 
37.672 0.00813332 0.224981 0.288626 
37.697 0.00739255 0.218147 0.288626 
37.722 0.00989742 0.224818 0.287578 
37.747 0.0132238 0.217121 0.287578 
37.772 0.00396471 0.223137 0.289267 
37.797 0.0117291 0.216981 0.289267 
37.822 0.00337637 0.225464 0.290966 
37.847 0.00718663 0.216694 0.290966 
37.872 0.0100462 0.22102 0.291415 
37.897 0.00441828 0.225075 0.287407 
37.922 0.00697114 0.218342 0.287407 
37.947 0.0149204 0.214019 0.280443 
37.972 0.0223745 0.205841 0.280443 
37.997 0.00853794 0.212932 0.282255 
38.022 0.0194549 0.206226 0.282255 
38.047 0.0100759 0.212073 0.282577 
38.072 0.0196004 0.206547 0.282577 
38.097 0.0171972 0.213455 0.282785 
38.122 0.00957368 0.207769 0.282785 
38.147 0.0131344 0.212313 0.283217 
38.172 0.0213627 0.204885 0.283217 
38.197 0.00780672 0.219299 0.290515 
38.221 0.012552 0.215037 0.290515 
38.247 0.00562329 0.220437 0.290851 
38.272 0.0124377 0.213723 0.290851 
38.297 0.00460536 0.218857 0.289863 
38.322 0.00787678 0.223493 0.290161 
38.347 0.00583302 0.217384 0.290161 
38.372 0.0079477 0.214716 0.28606 
38.397 0.0188056 0.209229 0.28606 
38.422 0.0112847 0.21434 0.28654 
38.447 0.0194759 0.205736 0.28654 
38.472 0.00794635 0.210088 0.285582 
38.497 0.0188202 0.203881 0.285582 
38.522 0.0122187 0.209273 0.284473 
38.547 0.0216541 0.202298 0.284473 
38.572 0.0179141 0.207778 0.286105 
38.597 0.0108764 0.216526 0.28795 
38.622 0.0138857 0.209111 0.28795 
38.647 0.0064028 0.213527 0.285562 
38.672 0.017004 0.207335 0.285562 
38.697 0.0149955 0.21332 0.285848 
38.722 0.016638 0.204664 0.285848 
38.747 0.00963223 0.211214 0.287441 
38.772 0.0141082 0.20642 0.287441 
38.797 0.0113963 0.213396 0.290515 
38.822 0.0169351 0.20644 0.290515 
38.847 0.0105521 0.209619 0.289546 
38.872 0.00361427 0.217853 0.288504 
38.897 0.0111871 0.211063 0.288504 
38.922 0.00602262 0.21724 0.290261 
38.947 0.0125033 0.210289 0.290261 
38.972 0.0185057 0.205344 0.290261 
38.997 0.0126803 0.211727 0.291922 
39.022 0.00402048 0.214722 0.288319 
39.047 0.0120587 0.208744 0.288319 
39.072 0.0118841 0.214891 0.290061 
39.097 0.0118045 0.208148 0.290061 
39.122 0.00778651 0.217553 0.292948 
39.147 0.0154567 0.210071 0.292948 
39.172 0.00797169 0.212215 0.291809 
39.197 0.0144521 0.205702 0.291809 
39.222 0.00581554 0.2111 0.292194 
39.247 0.0162927 0.205752 0.292194 
39.272 0.00519785 0.21402 0.294034 
39.297 0.00555666 0.217261 0.292991 
39.322 0.0115823 0.211711 0.292991 
39.347 0.00883698 0.215086 0.293468 
39.372 0.0111545 0.208726 0.293468 
39.397 0.00316652 0.215456 0.301557 
39.422 0.0134887 0.207444 0.301557 
39.447 0.00832202 0.215805 0.301902 
39.472 0.00731212 0.211584 0.295481 
39.497 0.00466518 0.214559 0.294595 
39.522 0.0103663 0.208288 0.294595 
39.547 0.0048097 0.212723 0.294918 
39.572 0.00795484 0.215811 0.295094 
39.597 0.010988 0.21037 0.295094 
39.622 0.00964433 0.216512 0.295495 
39.647 0.0112457 0.209183 0.295495 
39.672 0.00313479 0.21727 0.297214 
39.697 0.0136833 0.210407 0.297214 
39.722 0.00633778 0.21644 0.296261 
39.747 0.00977553 0.210051 0.296261 
39.772 0.00615687 0.216697 0.297954 
39.797 0.0135503 0.209256 0.297954 
39.822 0.0108464 0.213212 0.298259 
39.847 0.00520883 0.211506 0.293608 
39.872 0.0109938 0.204079 0.293608 
39.897 0.0138396 0.208222 0.292582 
39.922 0.0194777 0.202477 0.292582 
39.947 0.012953 0.207606 0.297799 
39.972 0.00296929 0.214309 0.301822 
39.997 0.0147993 0.209977 0.294503 
40.022 0.0208583 0.202568 0.294503 
40.047 0.00439137 0.218036 0.299975 
40.072 0.0064683 0.211335 0.299975 
40.097 0.0100442 0.204542 0.294198 
40.122 0.0170327 0.197749 0.294198 
40.147 0.0058241 0.217068 0.302023 
40.172 0.00670908 0.212025 0.302023 
40.197 0.0133955 0.207011 0.297264 
40.222 0.0152829 0.209108 0.295192 
40.247 0.00905411 0.202383 0.295192 
40.272 0.0053913 0.20848 0.29667 
40.297 0.0129841 0.203593 0.29667 
40.322 0.00760892 0.207929 0.301788 
40.347 0.0115923 0.203498 0.297258 
40.372 0.00761661 0.208332 0.297449 
40.397 0.0167267 0.200971 0.297449 
40.422 0.0108318 0.205733 0.29671 
40.447 0.0198911 0.199069 0.29671 
40.472 0.0100906 0.204355 0.299336 
